40
45
6 0 0 4 0 0 0 4 4 2 0 7 0 0 0 0 0 10 0 0 0 0 0 0 10 7 0 2 2 5 0 5 0 6 0 0 6 0 0 0
6 0 0 0 0 0 0 0 0 2 0 5 0 0 0 0 0 0 2 2 0 0 4 1 0 0 0 0 2 2 0 0 3 0 2 0 0 0 4 4
0 5 4 0 0 0 3 0 0 0 5 0 0 0 0 0 0 0 0 0 4 0 0 7 0 5 1 4 0 4 0 0 0 0 2 0 3 0 0 4
0 4 4 0 0 0 0 4 4 0 0 0 0 4 0 2 2 1 0 0 0 3 0 3 0 0 0 0 4 0 1 4 3 0 0 3 5 0 0 0
0 0 0 0 0 0 3 0 2 0 4 0 0 4 0 0 0 0 2 2 0 0 0 5 0 3 4 4 0 4 0 0 0 9 0 5 0 0 0 0
5 0 3 0 2 0 4 0 2 0 5 0 7 0 0 0 0 0 0 0 0 0 0 0 3 0 0 0 0 0 9 0 6 0 2 2 7 0 0 4
5 3 1 0 2 0 0 0 0 5 0 4 0 0 0 0 0 0 0 0 0 0 0 0 0 1 4 3 4 0 0 0 10 0 0 0 3 0 0 0
0 5 0 4 0 2 0 0 0 0 0 0 2 0 1 0 0 0 0 0 0 0 0 0 0 0 3 0 2 4 0 0 0 6 0 3 0 0 0 0
0 0 0 0 0 2 4 9 0 0 10 0 2 1 0 5 0 0 6 4 1 0 0 0 0 0 0 1 2 5 0 5 0 10 0 7 0 5 1 0
6 0 0 0 0 3 0 0 3 0 0 1 0 0 5 0 0 0 0 0 0 4 0 0 0 0 0 0 2 5 0 0 0 0 5 0 5 0 4 0
0 0 0 4 0 0 0 0 0 0 0 0 3 0 3 0 1 1 0 1 0 2 2 0 0 0 0 0 2 0 2 1 0 0 0 6 0 0 0 0
0 1 0 1 0 3 0 0 3 0 2 0 0 2 2 1 0 1 6 0 0 0 0 0 0 0 0 0 0 0 2 0 0 0 0 0 0 4 0 0
6 0 3 0 0 8 0 0 2 0 2 0 0 0 0 0 0 0 0 0 0 0 0 0 0 0 0 0 0 0 5 0 0 5 0 0 0 0 0 0
5 0 0 0 0 3 0 0 2 0 2 0 0 0 0 0 0 0 0 0 0 0 0 0 0 0 0 0 0 0 3 1 0 0 3 6 5 0 5 0
0 0 3 0 0 0 0 0 0 10 2 0 0 0 0 0 0 0 0 0 0 0 0 0 0 0 0 0 0 0 0 3 0 0 0 0 5 0 4 0
0 0 3 0 0 3 8 0 0 0 0 5 0 0 0 0 0 0 0 0 0 0 0 0 0 0 0 0 0 0 0 1 1 0 3 0 1 0 0 0
0 0 0 0 0 0 0 9 0 0 6 0 0 0 0 0 0 0 0 0 0 0 0 0 0 0 0 0 0 0 0 0 3 0 0 2 0 0 0 24
5 0 3 0 0 0 0 26 2 0 0 0 0 0 0 0 0 0 0 0 0 0 0 0 0 0 0 0 0 0 0 0 0 0 0 2 0 5 4 0
0 25 0 2 8 0 0 0 2 6 5 3 0 0 0 0 0 0 0 0 0 0 0 0 0 0 0 0 0 0 0 1 3 0 0 0 0 0 0 0
0 0 0 2 4 0 0 0 5 0 3 0 0 0 0 0 0 0 0 0 0 0 0 0 0 0 0 0 2 2 0 0 0 0 0 0 0 0 6 6
0 0 0 0 0 0 0 0 0 0 7 1 0 0 0 0 0 0 0 0 0 0 0 0 0 0 0 0 0 0 0 0 0 0 0 0 5 0 0 0
0 0 0 4 12 0 0 0 0 0 0 9 3 0 0 0 0 0 0 0 0 0 0 0 0 0 0 0 0 0 0 0 0 0 0 0 0 0 0 0
0 0 0 0 0 0 8 0 0 0 0 0 0 0 0 0 0 0 0 0 0 0 0 0 0 0 0 0 3 0 3 0 3 0 0 0 0 0 3 0
0 0 0 0 1 0 0 0 5 0 0 0 3 0 0 0 0 0 0 0 0 0 0 0 0 0 1 4 7 0 0 0 7 3 2 0 0 0 5 3
23 0 0 0 0 12 0 22 1 0 0 0 0 0 0 0 0 0 0 0 0 0 0 0 0 0 0 0 1 0 0 1 0 0 2 17 5 0 0 0
0 0 0 0 0 0 0 0 0 0 0 0 0 0 0 0 0 0 0 0 0 0 0 0 2 2 4 3 0 3 0 0 2 2 0 0 0 0 0 0
0 0 0 0 0 0 0 22 0 0 7 0 5 0 0 0 0 0 0 0 0 0 0 0 0 0 0 0 5 0 0 0 5 0 0 10 0 0 0 0
0 0 0 0 0 0 0 0 0 0 0 9 0 0 0 0 0 0 0 0 0 0 0 0 0 0 0 0 0 0 0 0 0 0 3 0 0 0 5 0
0 0 0 0 0 0 0 0 0 17 0 0 0 3 0 0 0 0 0 0 0 0 0 0 0 0 0 0 0 0 0 0 0 0 0 0 0 0 0 4
0 0 0 0 5 0 0 0 0 0 0 5 3 0 0 0 0 2 0 0 0 0 0 0 0 0 0 0 0 0 0 0 0 0 3 0 0 0 0 0
0 0 0 0 0 0 0 0 0 0 0 0 2 2 0 0 0 2 2 0 0 0 0 0 0 0 0 0 0 0 0 0 0 2 4 0 0 0 0 0
0 0 0 12 0 0 0 0 0 0 2 0 0 8 0 0 0 0 2 2 2 0 0 0 0 0 0 0 0 0 0 0 0 2 0 0 0 0 0 4
0 0 0 0 0 0 0 0 0 0 2 3 0 0 0 0 0 0 0 0 16 0 0 0 0 0 0 0 0 0 0 0 1 4 0 0 0 0 3 0
0 0 0 0 5 0 0 0 0 0 0 0 0 0 7 0 0 0 0 0 0 0 4 0 0 3 6 0 0 0 0 6 0 0 0 0 0 0 0 0
0 0 0 0 12 0 0 0 0 0 0 3 0 0 0 0 0 0 0 0 0 2 0 0 3 7 0 0 3 13 0 0 0 0 0 0 0 0 3 0
0 0 0 0 0 11 0 0 0 0 0 0 2 0 0 0 0 0 0 10 0 2 0 0 7 0 0 3 8 0 2 2 5 0 0 10 0 0 5 0
0 0 0 0 0 0 0 0 0 0 0 0 2 0 0 0 0 0 2 2 0 0 4 0 0 0 8 0 0 0 1 5 0 4 0 13 0 0 0 0
0 0 0 0 3 0 0 0 0 0 0 0 0 0 0 0 0 0 0 5 1 0 2 0 3 0 3 0 0 6 0 0 0 0 0 4 0 24 0 0
0 0 0 0 0 0 0 0 0 0 0 0 0 8 0 0 4 0 6 0 5 0 2 0 4 0 0 3 0 0 0 0 3 6 6 17 0 5 0 0
0 0 6 0 3 0 0 0 0 0 0 0 0 0 7 8 0 0 6 0 0 0 2 0 4 0 3 5 6 7 1 3 2 0 0 0 4 0 0 0
0 0 0 0 2 0 0 0 0 0 5 0 0 0 0 0 0 0 6 3 2 0 2 0 5 0 0 0 0 0 0 3 2 0 0 0 5 0 5 0
0 0 0 0 2 0 26 0 0 0 0 0 0 3 0 0 4 0 3 0 2 0 10 0 5 4 0 7 0 3 3 9 1 2 2 4 0 4 1 0
0 25 0 0 0 0 11 0 0 0 0 3 0 0 3 0 0 0 7 0 0 0 2 0 0 4 0 0 0 0 0 0 0 0 1 4 0 3 0 0
0 23 0 0 0 22 0 0 0 0 0 0 0 2 8 0 6 5 5 0 5 0 2 0 0 6 0 2 2 3 0 0 0 9 0 0 3 0 0 0
0 0 6 1 0 1 0 0 22 17 5 3 1 2 5 0 0 0 0 0 7 0 1 16 0 5 0 0 0 6 3 0 3 7 0 0 0 7 0 0