50
80
6 0 0 0 0 0 0 0 0 0 14 3 4 0 2 2 0 13 0 0 0 0 0 0 0 4 0 0 0 0 5 0 5 0 0 0 0 0 0 0 0 0 9 0 0 0 0 5 0 0
6 0 14 3 0 0 4 4 4 0 3 0 4 0 0 0 0 0 4 3 0 0 0 0 0 4 0 5 3 0 0 5 0 0 0 5 6 0 4 0 0 0 0 0 0 1 0 0 0 0
0 0 3 0 0 0 0 0 4 0 7 0 0 0 0 0 3 0 0 0 3 13 1 0 1 0 3 0 3 3 0 0 1 0 5 0 0 0 4 0 0 0 0 0 0 0 0 1 9 5
7 0 0 0 0 0 0 7 0 0 0 0 4 4 0 0 3 3 1 4 0 2 0 0 0 0 0 0 0 0 0 0 0 0 0 6 3 0 0 0 0 9 4 0 0 0 0 0 2 0
0 0 0 8 8 0 0 3 0 3 8 3 0 3 0 0 0 1 0 0 1 2 1 0 0 0 0 0 0 0 0 0 0 0 3 0 3 3 0 5 0 0 4 0 0 0 8 0 2 1
7 3 0 0 8 0 0 0 0 0 0 4 0 3 0 3 3 0 0 0 0 0 0 0 0 0 0 0 0 0 0 0 0 0 0 0 1 0 0 0 5 0 0 0 0 0 0 10 0 0
3 0 0 0 7 8 0 0 0 0 4 4 0 0 0 0 0 0 0 0 0 0 0 0 0 0 0 0 0 0 0 0 0 0 0 0 0 2 2 0 9 11 0 11 0 0 0 0 0 0
0 5 0 7 0 0 0 0 0 0 4 0 0 0 0 0 0 0 0 0 0 0 0 0 0 0 0 0 0 0 0 0 0 0 0 0 0 0 0 0 3 0 3 4 7 0 0 0 0 0
0 2 2 0 0 5 8 1 0 0 0 0 0 0 0 0 0 0 0 0 0 0 0 0 0 0 0 0 0 0 0 0 0 0 0 0 0 0 0 0 0 4 0 0 0 0 0 0 7 0
0 1 0 0 2 0 1 0 0 0 0 0 0 0 0 0 0 0 0 0 0 0 0 0 0 0 0 0 0 0 0 0 0 0 0 0 0 0 0 0 0 0 7 0 0 1 0 0 0 0
5 0 0 5 2 0 0 0 0 0 0 0 0 0 0 0 0 0 0 0 0 0 0 0 0 0 0 0 0 0 0 0 0 0 0 0 0 0 0 0 0 1 0 2 2 0 0 0 0 8
0 0 5 0 5 0 2 2 0 0 0 0 0 0 0 0 0 0 0 0 0 0 0 0 0 0 0 0 0 0 0 0 0 0 0 0 0 0 0 0 0 0 0 0 2 2 8 0 0 0
3 7 0 0 3 1 0 0 0 0 0 0 0 0 0 0 0 0 0 0 0 0 0 0 0 0 0 0 0 0 0 0 0 0 0 0 0 0 0 0 0 0 0 0 0 10 0 0 0 0
0 0 0 3 0 0 1 0 0 0 0 0 0 0 0 0 0 0 0 0 0 0 0 0 0 0 0 0 0 0 0 0 0 0 0 0 0 0 0 0 0 0 0 0 0 0 0 7 0 0
3 9 0 0 2 2 0 0 0 0 0 0 0 0 0 0 0 0 0 0 0 0 0 0 0 0 0 0 0 0 0 0 0 0 0 0 0 0 0 0 0 0 0 0 0 2 2 0 0 0
0 0 5 0 7 0 0 0 0 0 0 0 0 0 0 0 0 0 0 0 0 0 0 0 0 0 0 0 0 0 0 0 0 0 0 0 0 0 0 0 0 0 0 0 0 0 0 0 0 8
0 5 0 5 0 0 0 0 0 0 0 0 0 0 0 0 0 0 0 0 0 0 0 0 0 0 0 0 0 0 0 0 0 0 0 0 0 0 0 0 0 0 0 0 0 0 0 0 0 0
0 0 0 0 4 0 0 0 0 0 0 0 0 0 0 0 0 0 0 0 0 0 0 0 0 0 0 0 0 0 0 0 0 0 0 0 0 0 0 0 0 0 0 0 0 0 1 0 0 1
0 5 0 0 0 0 0 0 0 8 0 0 0 0 0 0 0 0 0 0 0 0 0 0 0 0 0 5 4 0 0 0 0 0 0 0 0 0 0 0 0 0 0 0 0 0 0 0 0 0
0 7 0 8 0 0 5 4 0 0 4 0 0 0 0 0 0 0 0 0 0 0 0 0 0 0 2 2 4 0 4 3 4 0 0 0 0 0 0 0 0 0 0 0 0 0 0 0 0 0
0 0 0 0 4 0 0 0 2 0 0 0 0 0 0 0 0 0 0 0 0 0 0 0 0 5 0 0 4 0 0 0 3 1 4 0 0 0 0 0 0 0 0 0 0 0 0 0 0 0
9 0 8 0 2 8 5 0 2 0 0 0 0 0 0 0 0 0 0 0 0 0 0 0 0 0 0 0 0 0 0 0 0 0 0 0 0 0 0 0 0 0 0 0 0 0 0 0 0 0
0 0 0 0 2 0 0 0 0 0 0 0 0 0 0 0 0 0 0 0 0 0 0 0 0 0 0 0 0 0 0 0 0 0 0 0 0 0 0 0 0 0 0 0 0 0 0 0 0 0
7 0 2 0 0 0 0 0 0 0 0 0 0 0 0 0 0 0 0 0 0 0 0 0 0 0 0 0 0 0 0 0 0 0 0 0 0 0 0 0 0 0 0 0 0 0 0 0 0 0
0 0 2 0 0 0 0 0 0 0 0 0 0 0 0 0 0 0 0 0 0 0 0 0 0 0 0 0 0 0 0 0 0 0 0 0 0 0 0 0 0 0 0 0 0 0 0 0 0 0
0 7 0 0 0 0 0 5 0 4 0 0 2 2 0 0 0 0 0 0 0 0 0 0 0 0 0 14 0 0 3 0 3 0 0 0 0 0 0 4 0 0 0 0 0 0 0 0 0 0
0 7 0 0 0 0 2 2 0 0 5 0 0 11 0 0 0 0 0 0 0 0 0 0 0 0 3 0 3 0 4 3 0 3 0 0 0 0 0 0 3 0 0 0 0 0 0 0 0 0
0 0 0 0 0 0 4 5 0 0 0 0 0 0 2 0 0 0 0 0 0 0 0 0 0 0 0 5 0 0 0 0 4 5 0 0 0 0 0 0 0 0 0 0 0 0 0 0 0 0
0 0 0 0 5 0 4 0 0 4 0 0 4 0 2 0 2 0 0 0 0 0 0 0 4 3 5 0 0 0 0 0 0 0 0 3 0 0 0 4 3 0 0 0 0 0 1 0 0 0
4 4 0 0 0 5 0 0 5 0 0 0 4 6 0 0 2 0 0 0 0 0 1 0 4 0 3 0 0 0 4 4 8 5 3 0 0 0 0 0 0 0 0 0 0 0 0 0 0 0
0 6 0 0 0 0 0 5 0 0 5 3 0 0 0 0 0 0 0 0 0 0 0 0 0 7 0 0 5 0 0 0 0 4 0 0 4 0 0 0 0 0 0 0 0 0 0 0 0 0
0 4 0 0 3 6 0 0 4 0 3 0 1 0 6 0 0 0 0 0 0 0 0 0 3 0 7 4 0 5 4 0 0 0 0 0 0 0 0 0 0 0 0 0 0 0 0 0 0 0
0 0 0 0 0 0 0 4 4 0 0 0 0 0 8 0 0 0 0 0 0 0 1 0 0 0 0 0 0 0 0 0 4 0 8 0 0 0 0 0 0 0 0 0 0 0 0 0 0 0
0 0 3 4 3 0 6 0 0 4 0 0 0 2 0 0 0 0 0 0 0 0 0 0 3 0 0 0 4 4 0 0 14 0 4 0 0 2 0 0 0 0 0 0 0 0 0 0 0 0
6 4 0 0 0 3 0 3 0 0 0 0 7 2 0 11 0 0 0 0 0 0 0 0 0 0 2 2 0 0 1 0 1 0 0 5 0 2 0 0 0 0 0 0 0 0 5 0 0 0
5 0 3 0 0 0 0 0 0 2 1 0 0 0 0 0 0 0 0 0 0 0 0 0 0 0 0 3 0 3 0 0 0 0 0 3 5 0 0 0 0 0 0 0 0 2 0 0 0 0
0 5 0 4 1 0 0 0 0 2 0 0 0 0 2 0 0 0 5 0 0 0 0 0 0 0 0 0 0 0 0 0 0 0 0 0 3 0 0 0 0 2 0 0 0 2 0 0 0 0
0 0 0 0 0 0 0 0 0 0 0 0 0 0 2 0 0 0 1 5 3 0 0 0 0 0 0 0 0 0 0 0 0 0 0 0 0 0 0 0 0 2 0 0 0 5 0 0 0 0
26 0 0 0 0 0 0 0 0 0 0 10 0 8 0 0 0 0 0 3 0 0 0 0 0 0 0 0 0 0 0 0 0 0 0 0 0 0 0 0 0 0 0 0 0 0 0 26 0 11
0 0 0 0 0 0 0 0 0 0 0 0 0 0 0 0 0 0 3 0 3 4 0 0 0 0 0 0 0 0 0 0 0 0 0 0 0 0 0 0 0 1 0 0 0 0 0 25 0 0
0 0 0 0 0 0 0 0 0 0 1 0 7 0 0 0 0 0 0 0 0 0 3 0 0 0 0 0 0 0 0 0 0 0 0 0 0 0 0 0 0 0 0 0 3 0 0 0 0 0
0 0 0 0 0 0 0 0 0 0 0 0 0 0 0 0 0 0 0 0 4 3 0 5 0 0 0 0 0 0 0 0 0 0 0 0 0 0 0 0 0 0 0 0 0 0 5 0 0 0
0 0 0 0 0 0 0 0 0 0 5 0 0 0 0 0 0 0 0 0 5 0 0 0 0 0 0 0 0 0 0 0 0 0 0 0 0 0 0 0 0 0 0 14 3 2 0 0 0 0
0 0 0 0 0 0 0 0 0 0 0 0 0 0 0 0 0 0 0 0 1 0 0 2 2 0 0 0 0 0 0 0 0 0 0 0 0 0 0 0 0 0 2 0 0 2 0 0 0 0
0 0 0 0 0 0 0 0 0 2 0 0 4 0 0 0 0 0 0 0 0 0 0 0 3 0 0 0 0 0 0 0 0 0 0 0 0 0 0 0 0 0 2 0 0 5 0 0 0 0
0 0 0 0 0 0 0 0 0 2 0 0 0 3 0 0 0 0 0 3 0 3 0 0 0 0 0 0 0 0 0 0 0 0 0 0 0 0 0 0 0 0 0 0 2 0 5 0 0 0
0 0 0 0 0 0 0 0 0 0 5 0 0 0 2 3 3 0 3 0 0 0 2 2 3 0 0 0 0 0 0 0 0 0 0 0 0 0 0 1 0 1 0 0 2 5 0 0 0 0
0 0 0 1 0 0 0 0 0 0 0 10 4 3 2 0 3 0 0 0 0 0 0 0 0 0 0 0 0 0 0 0 0 0 0 0 0 0 0 0 0 0 12 0 0 0 0 0 0 0
0 0 0 0 0 0 0 0 0 0 0 0 0 0 0 0 0 0 0 0 0 0 0 0 0 0 0 0 0 0 0 0 0 0 0 0 0 0 0 0 0 0 0 0 0 3 0 0 0 11
0 0 0 8 0 0 0 0 0 0 0 0 0 0 0 0 0 0 0 0 0 0 0 0 0 0 0 0 0 0 0 0 0 0 0 0 0 0 0 0 0 0 0 0 0 1 3 0 0 0
0 0 0 0 0 0 0 0 0 0 0 0 0 0 0 0 0 0 0 0 0 0 0 0 0 0 0 0 0 0 0 0 0 0 0 0 0 0 0 0 0 0 0 0 0 0 0 0 0 0
0 0 0 0 0 4 0 0 0 0 0 0 0 0 0 0 0 0 0 0 0 0 0 0 0 0 0 0 0 0 0 0 0 0 0 0 0 0 0 0 0 0 0 0 0 0 0 0 0 0
0 0 0 0 0 0 4 0 0 0 0 0 0 0 0 0 0 0 0 0 0 0 0 0 0 0 0 0 0 0 0 0 0 0 0 0 0 0 0 0 0 0 0 0 0 0 0 0 0 0
0 13 0 0 0 0 0 4 0 0 0 0 0 0 0 0 0 0 0 0 0 0 0 0 0 0 0 0 0 0 0 0 0 0 0 0 0 0 0 0 0 0 0 0 0 0 0 0 0 25
0 0 0 0 0 4 0 0 3 4 0 0 0 0 6 0 0 3 0 0 0 0 5 0 4 0 0 0 0 0 0 0 0 0 0 0 0 0 0 0 0 0 0 0 0 0 0 0 0 0
0 0 0 0 0 0 4 0 0 3 0 4 3 0 0 4 0 0 2 4 0 0 0 3 0 3 0 3 0 0 0 0 0 0 0 0 0 0 0 0 0 0 0 14 0 0 0 0 0 0
0 0 0 8 3 0 0 4 3 0 3 4 0 3 0 4 0 3 2 4 0 4 5 0 0 0 3 0 3 0 0 0 0 0 0 0 0 0 0 0 0 0 0 0 0 0 0 0 0 0
0 0 0 0 0 0 0 0 0 4 0 0 2 2 6 0 0 4 0 0 0 0 0 3 4 3 0 3 2 1 0 0 0 0 0 0 0 0 0 0 0 0 0 0 0 0 23 0 0 0
0 0 12 0 3 0 0 0 0 0 0 8 0 0 0 0 0 1 0 0 0 0 0 0 0 0 0 2 2 0 0 0 0 0 0 0 0 0 0 0 0 0 12 0 0 0 0 0 0 0
0 0 0 0 0 2 0 0 0 0 0 7 0 0 0 0 1 0 1 0 4 0 0 0 0 0 0 2 0 0 0 0 0 0 0 0 0 0 0 0 0 1 0 0 0 5 0 0 0 0
0 0 0 21 0 2 0 0 0 0 0 0 0 0 0 0 0 0 0 0 0 0 0 7 0 8 8 0 0 0 0 0 0 0 0 0 0 0 0 0 0 0 0 0 2 0 0 0 0 0
0 0 0 0 0 0 2 0 0 0 0 0 0 0 0 0 0 0 0 0 0 0 0 5 0 0 2 0 0 0 0 0 0 0 0 0 0 0 0 0 0 0 0 5 2 0 0 0 0 0
0 0 0 0 12 0 2 0 0 0 0 0 0 0 0 0 0 0 1 0 4 0 0 0 0 3 2 0 0 0 0 0 0 0 0 0 0 0 0 0 0 0 5 0 5 0 0 0 26 0
26 0 0 0 0 0 0 0 0 0 0 0 0 0 0 0 0 0 0 5 0 0 5 0 0 0 0 0 0 0 0 0 0 0 0 0 0 0 0 0 0 0 0 0 4 0 0 25 17 0
13 0 0 0 0 17 0 2 0 0 8 0 0 0 0 0 0 0 0 0 0 0 0 0 0 3 0 0 0 0 0 0 0 0 0 0 0 0 0 0 9 5 0 5 4 0 0 0 0 0
6 6 0 0 0 0 0 2 0 0 0 7 6 0 0 0 0 0 1 0 0 0 0 5 7 0 0 0 0 0 0 0 0 0 0 0 0 0 0 3 0 0 0 0 4 0 0 0 0 0
0 0 0 0 0 0 15 0 0 0 0 3 0 0 0 0 2 0 0 0 0 0 0 0 0 0 0 0 0 0 0 0 0 0 0 0 0 0 2 0 0 0 3 5 4 0 0 0 0 0
0 0 0 0 0 0 0 0 11 0 0 0 0 0 0 0 2 0 2 5 0 3 5 0 0 0 0 0 0 0 0 0 0 0 0 0 0 6 2 3 0 9 0 0 0 14 0 0 3 0
8 0 0 0 0 0 0 3 0 0 0 3 0 5 0 0 0 0 2 0 0 0 0 0 0 0 0 0 0 0 0 0 0 0 0 0 2 0 0 6 0 0 3 5 0 0 0 0 0 0
8 0 12 0 0 0 0 0 0 5 0 0 0 0 0 0 0 0 0 0 2 3 0 0 0 0 0 0 0 0 0 0 0 0 0 5 2 0 0 3 0 3 14 0 0 0 0 0 3 0
0 0 0 0 0 0 0 3 0 0 0 0 6 0 5 0 0 0 0 3 2 0 0 0 0 0 0 0 0 0 0 0 0 0 2 0 0 0 0 0 5 0 0 0 0 0 0 0 3 0
0 0 0 9 0 0 0 0 0 5 3 0 0 0 0 0 0 0 0 0 0 0 0 0 0 0 0 0 0 0 0 0 0 4 2 0 0 10 10 0 10 0 0 5 0 0 0 0 0 0
0 0 0 0 0 0 7 0 0 3 0 7 0 5 0 3 0 3 4 3 0 0 0 0 0 0 0 0 0 0 0 7 3 0 5 0 0 0 10 0 0 0 0 3 0 0 0 0 3 0
0 0 0 0 12 0 0 0 0 0 7 0 5 0 0 5 4 0 0 0 0 0 0 0 0 0 0 0 0 0 2 0 0 0 4 3 0 3 4 0 0 0 0 0 3 5 0 0 0 0
12 0 0 0 0 0 0 0 6 0 0 0 0 5 0 0 0 0 0 0 0 0 0 0 0 0 0 0 0 6 2 0 3 8 8 0 0 5 0 0 4 4 0 0 0 0 0 17 0 0
0 0 0 0 0 7 0 0 0 0 0 0 0 0 5 0 0 0 0 0 0 0 0 0 0 0 0 4 0 0 0 0 0 0 0 0 0 0 8 0 0 4 0 5 5 0 0 4 4 0
0 12 0 0 0 0 0 0 0 11 7 6 6 0 0 4 0 0 0 0 0 0 0 0 0 0 2 2 0 9 0 9 0 4 0 5 0 0 0 0 0 0 0 5 0 0 0 0 0 0
0 0 0 0 0 6 0 0 0 7 0 0 0 0 0 0 3 4 4 0 0 0 0 0 4 4 0 0 4 0 0 0 7 4 0 0 0 8 0 6 4 6 0 7 0 7 0 0 6 25
0 4 0 0 0 0 0 0 0 0 0 3 0 3 0 0 0 0 0 5 0 0 0 0 0 2 5 4 5 0 6 0 9 0 0 0 0 6 0 0 0 6 0 4 0 0 0 0 0 2
0 4 21 9 17 0 6 15 6 0 0 2 2 0 5 4 3 2 2 0 0 1 5 4 1 2 0 0 0 0 0 0 3 0 3 9 0 0 0 4 0 4 0 0 0 0 23 6 0 2